['horapa', 'jinda', 'kaprao', 'kareang', 'kheenhu', 'manglug', 'nhum', 'saranae', 'shifa', 'yhira']
[0.9998148083686829, 1.672890732606902e-07, 0.00012191304995212704, 3.2350317979989995e-09, 5.53944857983879e-07, 6.191412103362381e-05, 1.2203392810161695e-11, 5.3263868871056275e-09, 5.595538823399693e-07, 1.230557789000386e-08], 2025-11-11T17:16:08.966387+00:00
[0.9971035122871399, 3.193659919853431e-11, 0.000582020846195519, 2.5001517300893283e-08, 3.4883399280261074e-08, 0.0023011774756014347, 7.145312674872173e-10, 1.7736061508344392e-09, 1.2948104995302856e-05, 1.8417155445149547e-07], 2025-11-11T17:17:10.911112+00:00
[0.40689218044281006, 8.864660048857331e-05, 0.5173611640930176, 1.8021117966782185e-06, 0.0008585984469391406, 0.07204900681972504, 2.43165402480372e-07, 0.0009971046820282936, 0.00173453229945153, 1.6765432519605383e-05], 2025-11-11T17:18:04.211059+00:00
[0.9518579244613647, 0.0012289572041481733, 0.024282004684209824, 6.358387963700807e-06, 0.002948819426819682, 0.018692221492528915, 7.249702775879996e-06, 1.2265186910553894e-07, 0.0009756998042576015, 6.161918122415955e-07], 2025-11-11T17:18:45.454758+00:00
[0.8991997241973877, 0.00875530019402504, 0.04922693595290184, 0.00022740541317034513, 0.01530747301876545, 0.026024911552667618, 3.890935659001116e-06, 2.9740134777966887e-05, 0.0005124813760630786, 0.000712105305865407], 2025-11-11T17:19:30.815656+00:00
[0.9005365967750549, 0.000539457134436816, 0.05751129239797592, 4.127622742089443e-05, 0.0018967724172398448, 0.03915983438491821, 7.77776658651419e-05, 0.00018425105372443795, 3.692250538733788e-05, 1.5841249478398822e-05], 2025-11-11T17:20:05.520332+00:00
[0.9143389463424683, 1.092023103410611e-05, 0.0018975873244926333, 0.0008663629414513707, 0.00035017196205444634, 0.017378535121679306, 0.0001672665384830907, 7.587378149764845e-06, 2.9901450034230947e-05, 0.0649527907371521], 2025-11-11T17:20:56.659553+00:00
[0.9759731292724609, 0.0013474252773448825, 0.0004350224626250565, 0.0016794393304735422, 0.0037681572139263153, 0.013551768846809864, 3.145074151689187e-05, 2.4454759568470763e-06, 1.2452557712094858e-05, 0.0031987084075808525], 2025-11-11T17:21:44.544596+00:00
[0.9601407051086426, 0.0002997737901750952, 0.017361178994178772, 1.7442430362279993e-06, 0.013143304735422134, 0.0009545271750539541, 4.108679149794625e-06, 1.3520416359824594e-05, 0.008035081438720226, 4.616907608578913e-05], 2025-11-11T17:22:29.237609+00:00
[0.9261423945426941, 0.00015034264652058482, 0.06526382267475128, 0.00011681058822432533, 7.463490328518674e-05, 0.005668755620718002, 5.618622367364878e-07, 1.679571823842707e-06, 0.00229932670481503, 0.0002817731292452663], 2025-11-11T17:23:46.191412+00:00

[0.9987298846244812, 1.7894353776526373e-09, 6.730787572450936e-05, 4.557071608957131e-09, 9.749881257903326e-08, 0.001202110666781664, 2.927183842538206e-11, 1.652437191523859e-07, 3.0715682441950776e-07, 5.018262783096361e-08], 2025-11-11T17:35:52.049824+00:00
[0.35003194212913513, 1.5053046809043735e-06, 0.0678323358297348, 2.9002919745835243e-06, 8.634119876660407e-05, 0.5803871154785156, 3.2608329547656467e-06, 7.900914624769939e-07, 0.0016002481570467353, 5.356657493393868e-05], 2025-11-11T17:36:23.656389+00:00
[0.6845500469207764, 1.0695214314182522e-06, 0.18314282596111298, 1.5705737723692437e-06, 0.0010047873947769403, 0.10883044451475143, 4.144016330087652e-08, 0.00021611897682305425, 0.022080402821302414, 0.0001726188784232363], 2025-11-11T17:37:05.739262+00:00
[0.9019973874092102, 2.3962968043633737e-05, 0.07248983532190323, 1.6962393374342355e-06, 0.000817157095298171, 0.023169128224253654, 6.865423074486898e-07, 5.476446403918089e-06, 0.001491075730882585, 3.5998671137349447e-06], 2025-11-11T17:38:05.632930+00:00
[0.009202235378324986, 8.770749815312229e-08, 4.887458999291994e-05, 2.552816340539721e-06, 4.442801946424879e-05, 0.9907008409500122, 3.335000187121295e-08, 7.888576192272012e-08, 1.3913231100559642e-07, 7.135246278267005e-07], 2025-11-11T17:38:48.520618+00:00
[0.18721379339694977, 1.771481379364559e-06, 0.7666256427764893, 3.851737346849404e-05, 0.002779059810563922, 0.043295152485370636, 1.4782068546992377e-06, 1.0121266313944943e-05, 2.446606958983466e-05, 9.984230928239413e-06], 2025-11-11T17:39:18.463200+00:00
[0.23032279312610626, 0.0008809262653812766, 0.0006456960109062493, 0.11553063243627548, 0.016650455072522163, 0.6270186305046082, 0.0017884742701426148, 2.3821827198844403e-05, 0.0009067566716112196, 0.006231717299669981], 2025-11-11T17:40:05.986083+00:00
[0.423658549785614, 0.0022269587498158216, 0.01790466345846653, 0.0003554300346877426, 0.013598941266536713, 0.5416733622550964, 0.00018189549155067652, 2.44977418333292e-05, 0.00015008186164777726, 0.00022562015510629863], 2025-11-11T17:40:47.329635+00:00
[0.5761444568634033, 9.435231731913518e-06, 0.21280263364315033, 1.8597413145471364e-05, 0.006872004363685846, 0.09664679318666458, 6.414867925741419e-07, 2.773380583676044e-05, 0.1074623167514801, 1.540639095765073e-05], 2025-11-11T17:41:23.803432+00:00
[0.8064501881599426, 0.00010809808009071276, 0.09107206761837006, 0.0001367943041259423, 0.0004613976925611496, 0.004683434031903744, 0.001459794701077044, 5.667500317940721e-06, 0.08910934627056122, 0.006513220723718405], 2025-11-11T17:42:29.483010+00:00

[0.9655910730361938, 1.8665061816136586e-06, 0.0336015522480011, 1.084908589632505e-07, 5.5031810006767046e-06, 0.0007777338614687324, 1.2858708764440507e-08, 4.430113676789915e-06, 1.2772515219694469e-05, 4.8649535528966226e-06], 2025-11-11T17:44:01.882322+00:00
[0.028395462781190872, 6.800974228227119e-10, 0.10969055444002151, 9.77750769237673e-09, 1.751540779082461e-08, 8.514031833328772e-06, 1.7424032217050467e-09, 0.8593605160713196, 8.425114401688916e-07, 0.002544105052947998], 2025-11-11T17:44:27.701585+00:00
[0.7616252899169922, 5.3408759413287044e-05, 0.04512987285852432, 7.31304510281916e-07, 0.010918989777565002, 0.1322893351316452, 2.7573623810894787e-06, 0.041441258043050766, 0.00748530263081193, 0.0010529538849368691], 2025-11-11T17:44:52.005285+00:00
[0.01806868612766266, 8.21795310912421e-07, 0.9524243474006653, 1.7271579054067843e-05, 8.512029307894409e-05, 0.024617426097393036, 0.0014168638736009598, 0.00041132658952847123, 0.00036397515214048326, 0.002594111952930689], 2025-11-11T17:45:23.629338+00:00
[0.43314239382743835, 0.00023856743064243346, 0.4542756676673889, 3.1536779715679586e-05, 0.0016519483178853989, 0.1060614362359047, 5.744329314438801e-07, 0.002981102094054222, 0.001277454779483378, 0.0003392794169485569], 2025-11-11T17:45:47.151333+00:00
[0.1313716024160385, 2.2370834358298453e-06, 0.5607690215110779, 2.0575964754243614e-06, 0.0010629977332428098, 0.0004607775481417775, 1.4071295026951702e-06, 0.14749759435653687, 0.0011514733778312802, 0.15768082439899445], 2025-11-11T17:46:14.555566+00:00
[0.03516453877091408, 8.561705300280664e-08, 0.00038655896787531674, 1.5557438018731773e-05, 3.306920189061202e-05, 0.0094503965228796, 4.9778554966906086e-06, 0.9505126476287842, 3.1984727684175596e-06, 0.004428979940712452], 2025-11-11T17:46:41.666341+00:00
[0.001052066101692617, 1.5585234223181033e-06, 0.01070493645966053, 0.024171708151698112, 2.6098699891008437e-05, 0.009529797360301018, 0.00010239075345452875, 0.5108591914176941, 5.073679403722053e-06, 0.4435471296310425], 2025-11-11T17:47:22.208069+00:00
[0.007716458290815353, 6.14580130786635e-06, 0.3644571006298065, 0.0035253234673291445, 8.911242912290618e-05, 0.014177655801177025, 0.041801076382398605, 0.0012186799431219697, 2.758971220373496e-07, 0.5670081377029419], 2025-11-11T17:48:00.669644+00:00
[0.0028496382292360067, 2.1457337425090373e-05, 0.1376163512468338, 0.0015862227883189917, 0.0019313915399834514, 0.5115568041801453, 0.0005779488128609955, 0.0010894309962168336, 7.995121364956503e-08, 0.34277060627937317], 2025-11-11T17:48:25.379910+00:00
[0.03216414898633957, 4.558767250273377e-05, 0.45229271054267883, 0.0018448838964104652, 0.00244114245288074, 0.5058497786521912, 0.0021356171928346157, 0.0005338529008440673, 1.4100141925155185e-05, 0.002678167773410678], 2025-11-11T17:48:58.608904+00:00
[0.0021580469328910112, 1.1202005225641187e-05, 0.981884241104126, 3.0099899959168397e-05, 0.014928297139704227, 0.0002889514435082674, 5.236584911472164e-05, 5.3883424698142335e-05, 9.015573596116155e-06, 0.000583978253416717], 2025-11-11T17:49:35.243257+00:00
[0.048342205584049225, 6.585286200788687e-07, 0.8655941486358643, 4.302857632865198e-06, 0.0005855151684954762, 0.0016022833297029138, 5.236711331235711e-07, 0.06960612535476685, 0.010533942840993404, 0.0037302905693650246], 2025-11-11T17:50:13.424611+00:00
[0.5782160758972168, 8.990905371319968e-06, 0.4072575569152832, 3.1124185625230893e-05, 9.715026862977538e-06, 0.00019267105381004512, 0.0003445624897722155, 0.00026018713833764195, 0.001641231239773333, 0.012037756852805614], 2025-11-11T17:51:08.114677+00:00

[0.42550888657569885, 3.16204520345309e-08, 0.5639814138412476, 3.877449216815876e-06, 1.1931322205782635e-06, 0.0011281552724540234, 2.931392906191377e-09, 0.003533236915245652, 5.5727659855620004e-06, 0.005837644916027784], 2025-11-11T18:16:52.491095+00:00
[0.6381798982620239, 1.3906576157296513e-07, 0.3469139635562897, 4.860753506363835e-06, 3.9301296055782586e-05, 0.013904688879847527, 3.9289620445970286e-08, 0.00020316489099059254, 6.502301403088495e-05, 0.0006887988420203328], 2025-11-11T18:19:33.054726+00:00
[0.336062490940094, 3.700718664845226e-08, 0.6611111760139465, 1.542954009892128e-06, 6.46564058115473e-06, 6.679242505924776e-05, 5.515116896503969e-08, 0.0003956484724767506, 0.002335813594982028, 1.9974995666416362e-05], 2025-11-11T18:20:20.330910+00:00
[0.7240813374519348, 1.1242211712669814e-06, 0.2661201059818268, 1.5370283108495641e-06, 0.00017910930910147727, 0.007920634932816029, 4.78513539903247e-09, 2.886914626287762e-05, 0.001664143637754023, 3.1490076253248844e-06], 2025-11-11T18:21:02.037173+00:00
[0.8868259191513062, 0.00011247473594266921, 0.09080483019351959, 0.00011648881627479568, 0.011976721696555614, 0.0032482449896633625, 1.2598760577020585e-06, 6.238646165002137e-05, 0.006402680184692144, 0.00044904209789820015], 2025-11-11T18:21:29.180150+00:00
[0.5395809412002563, 1.8130161549834156e-07, 0.1523720771074295, 0.00021135277347639203, 0.2404632717370987, 0.017592424526810646, 0.002993509406223893, 8.720810001250356e-06, 0.00012146279186708853, 0.04665606468915939], 2025-11-11T18:21:53.750802+00:00
[0.05299556255340576, 8.258115258286125e-07, 0.9068279266357422, 1.4790580280532595e-06, 0.0012429887428879738, 0.003767203539609909, 3.960557933169184e-06, 0.009669860824942589, 0.024324284866452217, 0.0011658606817945838], 2025-11-11T18:22:37.814587+00:00
[0.7543622851371765, 0.0001861277560237795, 0.10892369598150253, 6.844926974736154e-05, 0.001234174706041813, 0.11561265587806702, 0.0001366589858662337, 0.00029824735247530043, 0.018470611423254013, 0.0007070598658174276], 2025-11-11T18:23:28.240927+00:00
[0.08270848542451859, 2.2814616329469573e-07, 0.23445509374141693, 1.7848760762717575e-05, 0.003371488070115447, 0.000174901113496162, 0.0022623895201832056, 0.03249756619334221, 0.00026637600967660546, 0.6442456841468811], 2025-11-11T18:24:32.502813+00:00
[0.2931375801563263, 1.836585761338938e-05, 0.6827195286750793, 1.2846990671278036e-07, 0.0019898239988833666, 0.002240350004285574, 9.026221050589811e-06, 0.011830374598503113, 0.007519807666540146, 0.0005350785795599222], 2025-11-11T18:25:06.360623+00:00

[0.5133021473884583, 2.083987453715963e-07, 0.18614041805267334, 9.57260340328503e-07, 6.420499971682148e-07, 9.640555072110146e-05, 1.1452087846919312e-06, 0.003846602514386177, 2.037033118540421e-05, 0.2965911030769348], 2025-11-11T18:35:30.050185+00:00
[0.03426358103752136, 3.959339522907612e-09, 0.1597050279378891, 3.22209245950944e-07, 1.071271867658652e-06, 3.7188503938523354e-06, 3.73872853742796e-06, 0.008205128833651543, 9.311603207606822e-06, 0.7978081703186035], 2025-11-11T18:36:17.922262+00:00
[0.025772683322429657, 7.757377318284853e-08, 0.2715652585029602, 1.3366215689813998e-08, 1.2643172340176534e-05, 1.6673526261001825e-05, 1.343935423392395e-06, 0.37442952394485474, 0.0052820974960923195, 0.32291969656944275], 2025-11-11T18:36:42.976663+00:00
[0.8677406907081604, 7.487748803214345e-07, 0.11563124507665634, 2.798788045765832e-08, 0.0001162645494332537, 0.00015613314462825656, 3.2479007927577186e-07, 0.00011120576527900994, 0.015143553726375103, 0.0010996864875778556], 2025-11-11T18:37:28.382134+00:00
[0.9857965111732483, 7.400095825005337e-08, 0.013099877163767815, 5.186744189700221e-08, 4.1629570546319883e-07, 7.041739536362002e-06, 4.969736551174719e-07, 2.5711658508953406e-06, 2.5616067432565615e-05, 0.001067250850610435], 2025-11-11T18:37:49.949443+00:00
[0.9319660663604736, 1.299851874136948e-06, 0.053283583372831345, 6.462531132456206e-07, 3.467989154160023e-05, 6.070783274481073e-05, 4.876299044553889e-07, 0.0002709412947297096, 1.4327370081446134e-05, 0.014367255382239819], 2025-11-11T18:38:22.803650+00:00
[0.02442055754363537, 2.3341555788647383e-05, 0.04132413864135742, 1.115172381105367e-06, 0.00011000589438481256, 0.00010911475692410022, 6.655983452219516e-05, 0.0746862068772316, 0.0228735338896513, 0.8363854289054871], 2025-11-11T18:38:42.993851+00:00
[0.266607403755188, 5.011249193387357e-09, 0.039962925016880035, 8.938010296333232e-07, 4.173188699496677e-06, 0.00011417246423661709, 0.0003084425115957856, 0.0008259291062131524, 3.3571005531030096e-08, 0.692176103591919], 2025-11-11T18:40:00.108795+00:00
[0.702150285243988, 1.508417142304097e-07, 0.04802844300866127, 1.240490945519923e-07, 2.5891898985719308e-05, 8.330582204507664e-06, 9.725853260533768e-07, 0.0007560017402283847, 0.02357710339128971, 0.2254527062177658], 2025-11-11T18:40:29.698089+00:00
[0.8188540935516357, 1.8519340301281773e-06, 0.006999041419476271, 2.212517813404702e-07, 7.795067176630255e-06, 0.00029836033354513347, 3.1202771424432285e-06, 8.077784514171071e-06, 0.008012439124286175, 0.165815070271492], 2025-11-11T18:40:55.710314+00:00

[3.762354754144326e-05, 0.09914253652095795, 0.00033213861752301455, 0.17545996606349945, 0.7247608304023743, 9.771768964128569e-05, 4.1246022419727524e-07, 1.8527835266013426e-07, 0.0001684829912846908, 1.972573926423138e-08], 2025-11-11T18:50:10.957415+00:00
[0.0014893970219418406, 0.001096536172553897, 2.7481157303554937e-05, 0.09460115432739258, 0.8911754488945007, 8.76736594364047e-05, 0.00027729824068956077, 5.270954872571565e-08, 0.011244667693972588, 3.224552642677736e-07], 2025-11-11T18:59:03.997163+00:00
[0.0018815504154190421, 0.010860228911042213, 0.00010537719208514318, 0.934719979763031, 0.030925380066037178, 0.018359072506427765, 0.0012970970710739493, 8.418430661549792e-05, 0.0017670009983703494, 7.413070335360317e-08], 2025-11-11T18:59:56.740159+00:00
[9.611910354578868e-05, 0.006344560068100691, 0.0017664751503616571, 0.8848332166671753, 0.10554608702659607, 3.695766736200312e-06, 0.00011218240979360417, 8.121025894070044e-05, 0.0012162772472947836, 1.9298120434996235e-07], 2025-11-11T19:01:40.846154+00:00
[0.8071723580360413, 0.0005038939416408539, 0.10960155725479126, 0.05085475742816925, 0.011482706293463707, 0.014961974695324898, 0.0011562381405383348, 6.25398606644012e-05, 0.0041502052918076515, 5.380173024605028e-05], 2025-11-11T19:03:11.567862+00:00
[0.0006452213274315, 0.4580930471420288, 1.6883666830835864e-05, 0.03201238065958023, 0.19045251607894897, 4.019973857793957e-05, 0.2688969075679779, 2.953369403257966e-05, 0.04971640929579735, 9.690449951449409e-05], 2025-11-11T19:05:01.854765+00:00
[0.0012365949805825949, 0.028376508504152298, 0.05931815505027771, 0.06763768196105957, 0.0059247263707220554, 0.8240410089492798, 0.0007860215846449137, 0.012417386285960674, 0.00022768536291550845, 3.422021836740896e-05], 2025-11-11T19:08:55.698100+00:00
[0.4930192530155182, 0.01531518716365099, 0.3509202301502228, 0.00010292456136085093, 0.08254692703485489, 0.0007207182934507728, 0.0017477539367973804, 1.9346450699231355e-06, 0.05562245100736618, 2.650102487677941e-06], 2025-11-11T19:09:52.552595+00:00
[5.60910084459465e-05, 0.04387611150741577, 6.911257514730096e-05, 0.3627312481403351, 0.4788517355918884, 6.010678248458134e-07, 0.10653861612081528, 2.0421211957000196e-06, 0.00784174632281065, 3.2654999813530594e-05], 2025-11-11T19:10:48.021590+00:00
[0.11686789244413376, 0.02166454680263996, 0.0693768784403801, 0.6602048277854919, 0.11198661476373672, 0.014244833029806614, 0.00029381029889918864, 0.00027576429420150816, 0.002023102017119527, 0.0030617634765803814], 2025-11-11T19:11:40.744505+00:00

[1.4316809028969146e-05, 0.830817461013794, 1.0962349733745214e-05, 0.0021622239146381617, 0.16491727530956268, 0.0005169248324818909, 2.6116515527974116e-07, 1.5311528613892733e-06, 0.0015590793918818235, 4.572790857082509e-08], 2025-11-11T19:17:14.485584+00:00
[0.00010580273374216631, 0.8270804286003113, 1.3537085123971337e-06, 0.10884487628936768, 0.05691409111022949, 3.985869625466876e-06, 0.00017441809177398682, 9.802296574434877e-08, 0.006872608792036772, 2.3981531285244273e-06], 2025-11-11T19:18:09.086321+00:00
[0.00019134745525661856, 0.9606602191925049, 4.888792773272144e-06, 0.00021883849694859236, 0.03766987845301628, 3.170045238221064e-05, 7.225166427815566e-06, 2.66074778210168e-07, 0.001215671538375318, 3.972203899138549e-09], 2025-11-11T19:19:04.841695+00:00
[5.13948907610029e-06, 0.9915892481803894, 5.029841486248188e-05, 0.005380662623792887, 0.002685653045773506, 0.00022741901921108365, 7.42766133043915e-06, 6.905995633132989e-07, 5.1091425120830536e-05, 2.3637530830455944e-06], 2025-11-11T19:19:57.548944+00:00
[9.871027577901259e-05, 0.9806596636772156, 8.990012929643854e-07, 0.0002062306011794135, 0.009612755849957466, 1.2027272759951302e-06, 0.0012747932923957705, 1.1458064363978337e-06, 0.008136984892189503, 7.571762125735404e-06], 2025-11-11T19:21:43.615607+00:00
[0.532516598701477, 8.422418613918126e-05, 0.37634435296058655, 0.0003958572924602777, 0.06041910499334335, 0.029847851023077965, 6.775061774533242e-05, 5.492579657584429e-05, 0.00026289111701771617, 6.423090326279635e-06], 2025-11-11T19:23:03.461320+00:00
[0.0035799737088382244, 0.3176179826259613, 0.04226037859916687, 0.11280018091201782, 0.004577875602990389, 0.5037198662757874, 0.012023285031318665, 0.0001897128386190161, 0.003229536348953843, 1.2403133951011114e-06], 2025-11-11T19:27:18.008876+00:00
[0.6791558265686035, 0.20036303997039795, 0.03437978774309158, 0.00010815857240231708, 0.07150975614786148, 0.0025390833616256714, 0.005665292963385582, 1.3845112789567793e-07, 0.006276478059589863, 2.4570792902522953e-06], 2025-11-11T19:29:39.926831+00:00
[1.447123167963582e-07, 0.9304157495498657, 2.8497089132883957e-08, 0.028163999319076538, 0.0403781533241272, 5.082464440420154e-07, 0.0008944491273723543, 9.509005138852444e-09, 0.0001463291555410251, 6.034402417753881e-07], 2025-11-11T19:31:30.716479+00:00
[0.001062888652086258, 0.02180846594274044, 1.544559927424416e-05, 0.37632882595062256, 0.59992915391922, 2.0164619854767807e-05, 0.00021402741549536586, 2.76013834081823e-05, 0.0005920260446146131, 1.4316683518700302e-06], 2025-11-11T19:32:53.859415+00:00

[0.001928366138599813, 0.7762198448181152, 0.0004293183155823499, 0.03395846113562584, 0.1566421240568161, 0.029560891911387444, 1.4532095065078465e-06, 1.7754271539160982e-05, 0.0012410421622917056, 6.695548790958128e-07], 2025-11-11T19:39:09.109599+00:00
[0.0008771484135650098, 0.019692905247211456, 0.0006992523558437824, 0.1886442005634308, 0.7846697568893433, 0.0002813837199937552, 1.0803421901073307e-05, 1.9328763301018625e-06, 0.005117720924317837, 4.805679964192677e-06], 2025-11-11T19:41:23.418784+00:00
[1.7129579646280035e-05, 0.48810115456581116, 4.003628873761045e-06, 0.024268867447972298, 0.4791925251483917, 0.007957198657095432, 1.2133150484316957e-08, 2.7621499611996114e-06, 0.00045631249668076634, 1.307697977681599e-10], 2025-11-11T19:42:32.295358+00:00
[0.0002529798948671669, 0.032066307961940765, 0.006802592426538467, 0.0826994851231575, 0.8514025807380676, 0.00020318340102676302, 0.002836209023371339, 1.0062229875984485e-06, 0.023675445467233658, 6.029555879649706e-05], 2025-11-11T19:44:58.172461+00:00
[0.001956540159881115, 0.5258068442344666, 0.00030284171225503087, 0.18515902757644653, 0.21268127858638763, 0.00044024692033417523, 0.017944147810339928, 0.005190328694880009, 0.05050159990787506, 1.7095177099690773e-05], 2025-11-11T19:46:10.236984+00:00
[0.0025034015998244286, 0.0015006783651188016, 0.005632804241031408, 0.012687061913311481, 0.008505027741193771, 0.9688263535499573, 5.647555099130841e-06, 0.00015985939535312355, 0.00017866527196019888, 6.662843929916562e-07], 2025-11-11T19:47:14.217749+00:00
[0.0023472881875932217, 0.00012861769937444478, 0.012580962851643562, 0.6363075375556946, 0.09421298652887344, 0.25225016474723816, 4.7984489356167614e-05, 0.00144107302185148, 0.0006792361964471638, 4.163669927947922e-06], 2025-11-11T19:48:38.758597+00:00
[0.3145013153553009, 0.003132394514977932, 0.5953169465065002, 0.00044223052100278437, 0.05608658120036125, 0.004137040115892887, 0.005380922928452492, 9.075039997696877e-05, 0.020878106355667114, 3.3624561183387414e-05], 2025-11-11T19:51:13.441724+00:00
[0.00017684983322396874, 0.0005759057821705937, 0.0010549925500527024, 0.8314802646636963, 0.16633240878582, 4.337215796113014e-05, 0.00017566981841810048, 1.3280395251058508e-05, 0.00014580968127120286, 1.44222428843932e-06], 2025-11-11T19:52:05.809322+00:00
[3.776371158892289e-05, 6.496960850199685e-05, 9.932296052284073e-06, 0.9995473027229309, 0.00025422009639441967, 7.773050310788676e-05, 5.388314548326889e-06, 6.010999413774698e-07, 5.1461029215715826e-08, 2.126668277924182e-06], 2025-11-11T19:52:58.294990+00:00

[0.0001614353823242709, 0.9544893503189087, 0.00010961133375531062, 0.005152195226401091, 0.02544616349041462, 5.774150849902071e-05, 7.72201474319445e-06, 1.7805319885155768e-08, 0.014575301669538021, 4.457192801510246e-07], 2025-11-11T20:02:24.464831+00:00
[0.0002748605329543352, 0.6164645552635193, 5.026057806389872e-06, 0.0001160366227850318, 0.00042213842971250415, 1.3711674000660423e-05, 0.35681846737861633, 3.326716124796292e-10, 0.025878462940454483, 6.718415988871129e-06], 2025-11-11T20:03:09.173079+00:00
[0.0006174505106173456, 0.3834143280982971, 5.8299428928876296e-06, 4.688409717346076e-06, 0.03499593958258629, 9.712697647046298e-05, 0.00017939555982593447, 4.2392676036229204e-09, 0.5806851387023926, 2.034697965669352e-09], 2025-11-11T20:04:20.979047+00:00
[5.9400423197075725e-05, 0.7314429879188538, 7.936432666610926e-06, 0.00014850734442006797, 0.07973536849021912, 1.441839867766248e-05, 0.021718770265579224, 3.4457805497822847e-08, 0.16687211394309998, 4.6491877014886995e-07], 2025-11-11T20:05:05.275142+00:00
[5.920226612943225e-06, 0.40318387746810913, 5.578564014285803e-06, 0.0002778233611024916, 0.0033430801704525948, 8.792131325208175e-07, 0.4968891739845276, 5.121083859194187e-07, 0.0962698832154274, 2.3297921870835125e-05], 2025-11-11T20:05:52.953347+00:00
[0.003784360596910119, 0.761625349521637, 0.00023077198420651257, 0.0781976506114006, 0.15373000502586365, 0.0006157787283882499, 3.3847729810077e-06, 4.8489578574617553e-08, 0.001812195754610002, 4.6401322606470785e-07], 2025-11-11T20:06:48.881821+00:00
[9.939675749137677e-08, 0.03051384724676609, 8.905022497174286e-09, 0.9630243182182312, 0.00637610349804163, 5.219274612500158e-07, 8.060146501520649e-05, 2.497674067569733e-09, 4.533116680249805e-06, 2.790254916007484e-09], 2025-11-11T20:08:04.969577+00:00
[2.1156291040824726e-05, 0.003113366896286607, 1.1521138731040992e-05, 8.314849765156396e-06, 0.00039028271567076445, 1.3667828113739233e-07, 0.1023368388414383, 8.775026538732078e-11, 0.8941183686256409, 2.154845191171262e-09], 2025-11-11T20:09:35.591257+00:00
[0.0007523372769355774, 0.031595949083566666, 2.2809656002209522e-05, 0.1168777123093605, 0.11409909278154373, 0.003922672942280769, 0.7295555472373962, 2.607532906040433e-06, 0.0031678250525146723, 3.4637855605978984e-06], 2025-11-11T20:10:32.463431+00:00
[0.0002837404899764806, 0.5539857745170593, 2.7267855330137536e-05, 0.16595745086669922, 0.1590030938386917, 1.706208081486693e-07, 0.1133166253566742, 1.4654205187980551e-05, 0.007410567253828049, 6.240346692720777e-07], 2025-11-11T20:11:37.854820+00:00

[0.0007765247719362378, 0.02825251594185829, 6.0166107687109616e-06, 0.006331104785203934, 0.8485442399978638, 0.0003838077827822417, 0.06987456232309341, 1.2886231388620217e-06, 0.04582890868186951, 1.00815645964758e-06], 2025-11-11T20:23:28.930423+00:00
[8.338956547504495e-08, 0.0040628183633089066, 1.6253667922683235e-07, 8.65413312567398e-06, 0.0003836238756775856, 1.0444395229569636e-05, 0.9954718351364136, 3.949335791730846e-08, 6.227179983397946e-05, 1.6763614496539958e-07], 2025-11-11T20:25:54.570685+00:00
[1.592377088854846e-06, 0.0018635232700034976, 5.0803560043277685e-06, 2.458697599649895e-05, 0.00044314403203316033, 6.442386961680313e-07, 0.954140305519104, 2.034157660091296e-06, 0.04351132735610008, 7.654424734937493e-06], 2025-11-11T20:27:29.335928+00:00
[1.0157647921005264e-05, 0.0014869233127683401, 5.089174737804569e-05, 0.010756383650004864, 0.004338480066508055, 3.6099272620049305e-06, 0.9831511974334717, 2.8506510716397315e-06, 0.00018522812752053142, 1.4287496014731005e-05], 2025-11-11T20:28:31.467706+00:00
[0.0015024885069578886, 0.09549355506896973, 3.2949108572211117e-05, 0.007105399388819933, 0.003930680453777313, 6.472637323895469e-06, 0.8065949082374573, 4.6333600039361045e-05, 0.03877149894833565, 0.04651564359664917], 2025-11-11T20:29:39.721877+00:00
[5.614649853669107e-05, 0.7631353139877319, 0.005032661370933056, 0.016917990520596504, 0.1894928365945816, 0.00016515977040398866, 0.007730680983513594, 2.7336831408319995e-05, 0.01735099032521248, 9.087241051020101e-05], 2025-11-11T20:30:51.108733+00:00
[0.0005571843939833343, 5.646470526698977e-07, 3.952125916839577e-05, 0.2665382921695709, 0.08039579540491104, 1.1645352060440928e-05, 0.6523832678794861, 6.847970507806167e-05, 1.5961751387294498e-06, 3.6893395645165583e-06], 2025-11-11T20:31:29.412201+00:00
[2.9545412871812005e-06, 5.4167991038411856e-05, 7.35657113182242e-06, 4.4937273457890115e-08, 0.00018856461974792182, 1.1136198452277313e-07, 0.9353448152542114, 2.66005717453055e-10, 0.06440185755491257, 4.412387255570138e-08], 2025-11-11T20:33:06.586525+00:00
[1.26778132880645e-07, 4.127614943172375e-07, 6.435731592091543e-08, 7.418542372761294e-05, 3.9714432205073535e-05, 1.4889039334775589e-08, 0.9998815059661865, 3.1202989081435817e-09, 3.867706254823133e-06, 3.7354300985725786e-08], 2025-11-11T20:33:55.442154+00:00
[3.567226667655632e-05, 0.00019396351126488298, 1.8988103533956746e-07, 0.018234072253108025, 7.973179162945598e-05, 2.3675999827332816e-08, 0.9812847375869751, 2.5173798601230146e-09, 0.00017034250777214766, 1.2029694289594772e-06], 2025-11-11T20:34:32.851241+00:00
